Name=Apollo 15
SMJCVersion=2
JMission=TRUE
Panel277Version=1
Panel278Version=2
LMDSKYVersion=3
LM_CGX_Coefficients=3.923663632570143e-08 -4.432909853966680e-04 7.427757882866034e+00
LM_CGY_Coefficients=0.0 0.0 1.524000000000001e-03
LM_CGZ_Coefficients=6.999290756655724e-09 -7.903615464137980e-05 2.918308532005869e-01
CMtoLMPowerConnectionVersion=2
EmptySMCG=913.9687 1.6681 1.0488
HasRateAidedOptics=TRUE
LMCWEAVersion=1
CrossPointerReversePolarity=TRUE
CDRVesselName=Dave Scott
CMPVesselName=Al Worden
LMPVesselName=Jim Irwin
CDRSuitName=D. SCOTT
CMPSuitName=A. WORDEN
LMPSuitName=J. IRWIN
CSMCueCard=1 SATURN_BOOST_A15
CSMCueCard=1 NOMINAL_SIVB_TLI_1_A15
CSMCueCard=1 MANUAL_SIVB_TLI_1_A15
CSMCueCard=1 NOMINAL_SIVB_TLI_2_A15
CSMCueCard=1 MANUAL_SIVB_TLI_2_A15